BASIN_MIN <- 100
BASIN_MAX <- 200